[[0.11913050711154938,0.026626629754900932,-0.033258676528930664,-0.2334030270576477],
[0.026626629754900932,-0.033258676528930664,-0.2334030270576477,-0.5259189605712891],
[-0.033258676528930664,-0.2334030270576477,-0.5259189605712891,-0.5547459125518799],
[-0.2334030270576477,-0.5259189605712891,-0.5547459125518799,-0.3857234716415405],
[-0.5259189605712891,-0.5547459125518799,-0.3857234716415405,-0.4261774718761444],
[-0.5547459125518799,-0.3857234716415405,-0.4261774718761444,-0.5087476968765259],
[-0.3857234716415405,-0.4261774718761444,-0.5087476968765259,-0.42319223284721375],
[-0.4261774718761444,-0.5087476968765259,-0.42319223284721375,-0.2867412865161896],
[-0.5087476968765259,-0.42319223284721375,-0.2867412865161896,-0.3278573155403137],
[-0.42319223284721375,-0.2867412865161896,-0.3278573155403137,-0.32699915766716003],
[-0.2867412865161896,-0.3278573155403137,-0.32699915766716003,-0.2618119716644287],
[-0.3278573155403137,-0.32699915766716003,-0.2618119716644287,-0.2077789604663849],
[-0.32699915766716003,-0.2618119716644287,-0.2077789604663849,-0.2789885401725769],
[-0.2618119716644287,-0.2077789604663849,-0.2789885401725769,-0.3047749996185303],
[-0.2077789604663849,-0.2789885401725769,-0.3047749996185303,0.006293437443673611],
[-0.2789885401725769,-0.3047749996185303,0.006293437443673611,0.1274053305387497],
[-0.3047749996185303,0.006293437443673611,0.1274053305387497,0.0433054156601429],
[0.006293437443673611,0.1274053305387497,0.0433054156601429,0.022752035409212112],
[0.1274053305387497,0.0433054156601429,0.022752035409212112,-0.0674852505326271],
[0.0433054156601429,0.022752035409212112,-0.0674852505326271,-0.26308727264404297],
[0.022752035409212112,-0.0674852505326271,-0.26308727264404297,-0.4780788719654083],
[-0.0674852505326271,-0.26308727264404297,-0.4780788719654083,-0.47799164056777954],
[-0.26308727264404297,-0.4780788719654083,-0.47799164056777954,-0.42690491676330566],
[-0.4780788719654083,-0.47799164056777954,-0.42690491676330566,-0.39521726965904236],
[-0.47799164056777954,-0.42690491676330566,-0.39521726965904236,-0.4109172224998474],
[-0.42690491676330566,-0.39521726965904236,-0.4109172224998474,-0.13146181404590607],
[-0.39521726965904236,-0.4109172224998474,-0.13146181404590607,0.17829181253910065],
[-0.4109172224998474,-0.13146181404590607,0.17829181253910065,0.3634948134422302],
[-0.13146181404590607,0.17829181253910065,0.3634948134422302,0.44590243697166443],
[0.17829181253910065,0.3634948134422302,0.44590243697166443,0.481457382440567],
[0.3634948134422302,0.44590243697166443,0.481457382440567,0.38719722628593445],
[0.44590243697166443,0.481457382440567,0.38719722628593445,0.24297702312469482],
[0.481457382440567,0.38719722628593445,0.24297702312469482,0.19199401140213013],
[0.38719722628593445,0.24297702312469482,0.19199401140213013,0.1455981582403183],
[0.24297702312469482,0.19199401140213013,0.1455981582403183,0.13946488499641418],
[0.19199401140213013,0.1455981582403183,0.13946488499641418,0.055973317474126816],
[0.1455981582403183,0.13946488499641418,0.055973317474126816,-0.11426298320293427],
[0.13946488499641418,0.055973317474126816,-0.11426298320293427,-0.37898775935173035],
[0.055973317474126816,-0.11426298320293427,-0.37898775935173035,-0.4074082374572754],
[-0.11426298320293427,-0.37898775935173035,-0.4074082374572754,-0.3130956292152405],
[-0.37898775935173035,-0.4074082374572754,-0.3130956292152405,-0.28383010625839233],
[-0.4074082374572754,-0.3130956292152405,-0.28383010625839233,-0.3026500940322876],
[-0.3130956292152405,-0.28383010625839233,-0.3026500940322876,-0.34746161103248596],
[-0.28383010625839233,-0.3026500940322876,-0.34746161103248596,-0.2397322654724121],
[-0.3026500940322876,-0.34746161103248596,-0.2397322654724121,-0.04091951996088028],
[-0.34746161103248596,-0.2397322654724121,-0.04091951996088028,0.021116118878126144],
[-0.2397322654724121,-0.04091951996088028,0.021116118878126144,0.01184283196926117],
[-0.04091951996088028,0.021116118878126144,0.01184283196926117,-0.09855726361274719],
[0.021116118878126144,0.01184283196926117,-0.09855726361274719,-0.19712674617767334],
[0.01184283196926117,-0.09855726361274719,-0.19712674617767334,-0.12284187227487564],
[-0.09855726361274719,-0.19712674617767334,-0.12284187227487564,-0.2614343464374542],
[-0.19712674617767334,-0.12284187227487564,-0.2614343464374542,-0.5834563970565796],
[-0.12284187227487564,-0.2614343464374542,-0.5834563970565796,-0.6540465354919434],
[-0.2614343464374542,-0.5834563970565796,-0.6540465354919434,-0.4824671149253845],
[-0.5834563970565796,-0.6540465354919434,-0.4824671149253845,-0.24642446637153625],
[-0.6540465354919434,-0.4824671149253845,-0.24642446637153625,-0.096091628074646],
[-0.4824671149253845,-0.24642446637153625,-0.096091628074646,-0.13981841504573822],
[-0.24642446637153625,-0.096091628074646,-0.13981841504573822,-0.23832100629806519],
[-0.096091628074646,-0.13981841504573822,-0.23832100629806519,-0.3766690790653229],
[-0.13981841504573822,-0.23832100629806519,-0.3766690790653229,-0.3920108675956726],
[-0.23832100629806519,-0.3766690790653229,-0.3920108675956726,-0.37502041459083557],
[-0.3766690790653229,-0.3920108675956726,-0.37502041459083557,-0.4509410858154297],
[-0.3920108675956726,-0.37502041459083557,-0.4509410858154297,-0.3640742897987366],
[-0.37502041459083557,-0.4509410858154297,-0.3640742897987366,-0.22464405000209808],
[-0.4509410858154297,-0.3640742897987366,-0.22464405000209808,-0.23091694712638855],
[-0.3640742897987366,-0.22464405000209808,-0.23091694712638855,-0.31573837995529175],
[-0.22464405000209808,-0.23091694712638855,-0.31573837995529175,-0.2948988080024719],
[-0.23091694712638855,-0.31573837995529175,-0.2948988080024719,-0.23873774707317352],
[-0.31573837995529175,-0.2948988080024719,-0.23873774707317352,-0.13724511861801147],
[-0.2948988080024719,-0.23873774707317352,-0.13724511861801147,-0.10181158035993576],
[-0.23873774707317352,-0.13724511861801147,-0.10181158035993576,-0.020514260977506638],
[-0.13724511861801147,-0.10181158035993576,-0.020514260977506638,-0.019991891458630562],
[-0.10181158035993576,-0.020514260977506638,-0.019991891458630562,-0.08643205463886261],
[-0.020514260977506638,-0.019991891458630562,-0.08643205463886261,-0.026655633002519608],
[-0.019991891458630562,-0.08643205463886261,-0.026655633002519608,0.09241343289613724],
[-0.08643205463886261,-0.026655633002519608,0.09241343289613724,0.13488726317882538],
[-0.026655633002519608,0.09241343289613724,0.13488726317882538,0.028075382113456726],
[0.09241343289613724,0.13488726317882538,0.028075382113456726,-0.20118403434753418],
[0.13488726317882538,0.028075382113456726,-0.20118403434753418,-0.39457741379737854],
[0.028075382113456726,-0.20118403434753418,-0.39457741379737854,-0.46480587124824524],
[-0.20118403434753418,-0.39457741379737854,-0.46480587124824524,-0.3886145353317261],
[-0.39457741379737854,-0.46480587124824524,-0.3886145353317261,-0.37937769293785095],
[-0.46480587124824524,-0.3886145353317261,-0.37937769293785095,-0.3748672604560852],
[-0.3886145353317261,-0.37937769293785095,-0.3748672604560852,-0.2905084192752838],
[-0.37937769293785095,-0.3748672604560852,-0.2905084192752838,-0.2541351318359375],
[-0.3748672604560852,-0.2905084192752838,-0.2541351318359375,-0.16628608107566833],
[-0.2905084192752838,-0.2541351318359375,-0.16628608107566833,-0.11931398510932922],
[-0.2541351318359375,-0.16628608107566833,-0.11931398510932922,-0.14297227561473846],
[-0.16628608107566833,-0.11931398510932922,-0.14297227561473846,-0.14789775013923645],
[-0.11931398510932922,-0.14297227561473846,-0.14789775013923645,-0.020827287808060646],
[-0.14297227561473846,-0.14789775013923645,-0.020827287808060646,-0.0033451560884714127],
[-0.14789775013923645,-0.020827287808060646,-0.0033451560884714127,-0.022092368453741074],
[-0.020827287808060646,-0.0033451560884714127,-0.022092368453741074,-0.05150458216667175],
[-0.0033451560884714127,-0.022092368453741074,-0.05150458216667175,-0.03648945316672325],
[-0.022092368453741074,-0.05150458216667175,-0.03648945316672325,-0.03339677304029465],
[-0.05150458216667175,-0.03648945316672325,-0.03339677304029465,-0.02537413500249386],
[-0.03648945316672325,-0.03339677304029465,-0.02537413500249386,-0.04612606018781662],
[-0.03339677304029465,-0.02537413500249386,-0.04612606018781662,-0.1377291977405548],
[-0.02537413500249386,-0.04612606018781662,-0.1377291977405548,-0.26721054315567017],
[-0.04612606018781662,-0.1377291977405548,-0.26721054315567017,-0.31803447008132935],
[-0.1377291977405548,-0.26721054315567017,-0.31803447008132935,-0.35719555616378784],
[-0.26721054315567017,-0.31803447008132935,-0.35719555616378784,-0.4709453880786896],
[-0.31803447008132935,-0.35719555616378784,-0.4709453880786896,-0.3915497660636902],
[-0.35719555616378784,-0.4709453880786896,-0.3915497660636902,-0.17397768795490265],
[-0.4709453880786896,-0.3915497660636902,-0.17397768795490265,-0.04849325120449066],
[-0.3915497660636902,-0.17397768795490265,-0.04849325120449066,-0.019252225756645203],
[-0.17397768795490265,-0.04849325120449066,-0.019252225756645203,-0.017307398840785027],
[-0.04849325120449066,-0.019252225756645203,-0.017307398840785027,0.16291217505931854],
[-0.019252225756645203,-0.017307398840785027,0.16291217505931854,0.19210290908813477],
[-0.017307398840785027,0.16291217505931854,0.19210290908813477,0.21206127107143402],
[0.16291217505931854,0.19210290908813477,0.21206127107143402,0.28755438327789307],
[0.19210290908813477,0.21206127107143402,0.28755438327789307,0.31602534651756287],
[0.21206127107143402,0.28755438327789307,0.31602534651756287,0.30544358491897583],
[0.28755438327789307,0.31602534651756287,0.30544358491897583,0.17852050065994263],
[0.31602534651756287,0.30544358491897583,0.17852050065994263,0.08104968816041946],
[0.30544358491897583,0.17852050065994263,0.08104968816041946,0.036448750644922256],
[0.17852050065994263,0.08104968816041946,0.036448750644922256,-0.016303323209285736],
[0.08104968816041946,0.036448750644922256,-0.016303323209285736,-0.04657100886106491],
[0.036448750644922256,-0.016303323209285736,-0.04657100886106491,-0.09692282229661942],
[-0.016303323209285736,-0.04657100886106491,-0.09692282229661942,-0.25463879108428955],
[-0.04657100886106491,-0.09692282229661942,-0.25463879108428955,-0.1568303257226944],
[-0.09692282229661942,-0.25463879108428955,-0.1568303257226944,0.15000273287296295],
[-0.25463879108428955,-0.1568303257226944,0.15000273287296295,0.27384111285209656],
[-0.1568303257226944,0.15000273287296295,0.27384111285209656,0.30648863315582275],
[0.15000273287296295,0.27384111285209656,0.30648863315582275,0.3084748089313507],
[0.27384111285209656,0.30648863315582275,0.3084748089313507,0.18871206045150757],
[0.30648863315582275,0.3084748089313507,0.18871206045150757,0.028025707229971886],
[0.3084748089313507,0.18871206045150757,0.028025707229971886,-0.045537058264017105],
[0.18871206045150757,0.028025707229971886,-0.045537058264017105,0.12130884826183319],
[0.028025707229971886,-0.045537058264017105,0.12130884826183319,0.24491895735263824],
[-0.045537058264017105,0.12130884826183319,0.24491895735263824,0.20444215834140778],
[0.12130884826183319,0.24491895735263824,0.20444215834140778,-5.795114702777937e-05],
[0.24491895735263824,0.20444215834140778,-5.795114702777937e-05,0.007589241024106741],
[0.20444215834140778,-5.795114702777937e-05,0.007589241024106741,-0.2136366069316864],
[-5.795114702777937e-05,0.007589241024106741,-0.2136366069316864,-0.23140107095241547],
[0.007589241024106741,-0.2136366069316864,-0.23140107095241547,-0.1620580106973648],
[-0.2136366069316864,-0.23140107095241547,-0.1620580106973648,-0.13926497101783752],
[-0.23140107095241547,-0.1620580106973648,-0.13926497101783752,-0.09755480289459229],
[-0.1620580106973648,-0.13926497101783752,-0.09755480289459229,0.024932587519288063],
[-0.13926497101783752,-0.09755480289459229,0.024932587519288063,0.11716048419475555],
[-0.09755480289459229,0.024932587519288063,0.11716048419475555,0.07751639187335968],
[0.024932587519288063,0.11716048419475555,0.07751639187335968,-0.11262653768062592],
[0.11716048419475555,0.07751639187335968,-0.11262653768062592,-0.09061908721923828],
[0.07751639187335968,-0.11262653768062592,-0.09061908721923828,0.13533960282802582],
[-0.11262653768062592,-0.09061908721923828,0.13533960282802582,0.2854045033454895],
[-0.09061908721923828,0.13533960282802582,0.2854045033454895,0.24597933888435364],
[0.13533960282802582,0.2854045033454895,0.24597933888435364,0.17100214958190918],
[0.2854045033454895,0.24597933888435364,0.17100214958190918,0.2833787202835083],
[0.24597933888435364,0.17100214958190918,0.2833787202835083,0.43603840470314026],
[0.17100214958190918,0.2833787202835083,0.43603840470314026,0.370638906955719],
[0.2833787202835083,0.43603840470314026,0.370638906955719,0.31295904517173767],
[0.43603840470314026,0.370638906955719,0.31295904517173767,0.32540363073349],
[0.370638906955719,0.31295904517173767,0.32540363073349,0.374646931886673],
[0.31295904517173767,0.32540363073349,0.374646931886673,0.3500896692276001],
[0.32540363073349,0.374646931886673,0.3500896692276001,0.2575775384902954],
[0.374646931886673,0.3500896692276001,0.2575775384902954,0.3081797957420349],
[0.3500896692276001,0.2575775384902954,0.3081797957420349,0.42606377601623535],
[0.2575775384902954,0.3081797957420349,0.42606377601623535,0.4874506890773773],
[0.3081797957420349,0.42606377601623535,0.4874506890773773,0.3064298927783966],
[0.42606377601623535,0.4874506890773773,0.3064298927783966,0.2502948045730591],
[0.4874506890773773,0.3064298927783966,0.2502948045730591,0.2958698868751526],
[0.3064298927783966,0.2502948045730591,0.2958698868751526,0.16551291942596436],
[0.2502948045730591,0.2958698868751526,0.16551291942596436,-0.08040022850036621],
[0.2958698868751526,0.16551291942596436,-0.08040022850036621,-0.16495876014232635],
[0.16551291942596436,-0.08040022850036621,-0.16495876014232635,-0.020867686718702316],
[-0.08040022850036621,-0.16495876014232635,-0.020867686718702316,0.32333067059516907],
[-0.16495876014232635,-0.020867686718702316,0.32333067059516907,0.6552767157554626],
[-0.020867686718702316,0.32333067059516907,0.6552767157554626,0.7117897272109985],
[0.32333067059516907,0.6552767157554626,0.7117897272109985,0.5546103715896606],
[0.6552767157554626,0.7117897272109985,0.5546103715896606,0.4391775131225586],
[0.7117897272109985,0.5546103715896606,0.4391775131225586,0.4905830919742584],
[0.5546103715896606,0.4391775131225586,0.4905830919742584,0.5991835594177246],
[0.4391775131225586,0.4905830919742584,0.5991835594177246,0.5494768619537354],
[0.4905830919742584,0.5991835594177246,0.5494768619537354,0.4271782338619232],
[0.13738559186458588,0.31354743242263794,0.34150931239128113,0.4210081696510315],
[0.31354743242263794,0.34150931239128113,0.4210081696510315,0.38522857427597046],
[0.34150931239128113,0.4210081696510315,0.38522857427597046,0.23669670522212982],
[0.4210081696510315,0.38522857427597046,0.23669670522212982,0.099612295627594],
[0.38522857427597046,0.23669670522212982,0.099612295627594,0.09120868891477585],
[0.23669670522212982,0.099612295627594,0.09120868891477585,0.21092207729816437],
[0.099612295627594,0.09120868891477585,0.21092207729816437,0.21394625306129456],
[0.09120868891477585,0.21092207729816437,0.21394625306129456,0.22221654653549194],
[0.21092207729816437,0.21394625306129456,0.22221654653549194,0.2031027376651764],
[0.21394625306129456,0.22221654653549194,0.2031027376651764,0.05388442054390907],
[0.22221654653549194,0.2031027376651764,0.05388442054390907,-0.133244127035141],
[0.2031027376651764,0.05388442054390907,-0.133244127035141,-0.24534964561462402],
[0.05388442054390907,-0.133244127035141,-0.24534964561462402,-0.23328794538974762],
[-0.133244127035141,-0.24534964561462402,-0.23328794538974762,-0.21683166921138763],
[-0.24534964561462402,-0.23328794538974762,-0.21683166921138763,-0.1465931236743927],
[-0.23328794538974762,-0.21683166921138763,-0.1465931236743927,-0.01638328842818737],
[-0.21683166921138763,-0.1465931236743927,-0.01638328842818737,0.07467111200094223],
[-0.1465931236743927,-0.01638328842818737,0.07467111200094223,0.09482845664024353],
[-0.01638328842818737,0.07467111200094223,0.09482845664024353,0.09064296633005142],
[0.07467111200094223,0.09482845664024353,0.09064296633005142,0.1314404457807541],
[0.09482845664024353,0.09064296633005142,0.1314404457807541,0.20848354697227478],
[0.09064296633005142,0.1314404457807541,0.20848354697227478,0.1843777298927307],
[0.1314404457807541,0.20848354697227478,0.1843777298927307,0.14101319015026093],
[0.20848354697227478,0.1843777298927307,0.14101319015026093,0.04256191849708557],
[0.1843777298927307,0.14101319015026093,0.04256191849708557,0.042394980788230896],
[0.14101319015026093,0.04256191849708557,0.042394980788230896,0.02315574698150158],
[0.04256191849708557,0.042394980788230896,0.02315574698150158,0.050561629235744476],
[0.042394980788230896,0.02315574698150158,0.050561629235744476,0.09781189262866974],
[0.02315574698150158,0.050561629235744476,0.09781189262866974,0.028417222201824188],
[0.050561629235744476,0.09781189262866974,0.028417222201824188,-0.013724112883210182],
[0.09781189262866974,0.028417222201824188,-0.013724112883210182,0.03321186453104019],
[0.028417222201824188,-0.013724112883210182,0.03321186453104019,0.06749784201383591],
[-0.013724112883210182,0.03321186453104019,0.06749784201383591,0.09241913259029388],
[0.03321186453104019,0.06749784201383591,0.09241913259029388,0.10900777578353882],
[0.06749784201383591,0.09241913259029388,0.10900777578353882,0.12319719046354294],
[0.09241913259029388,0.10900777578353882,0.12319719046354294,0.05298936739563942],
[0.10900777578353882,0.12319719046354294,0.05298936739563942,-0.07108747959136963],
[0.12319719046354294,0.05298936739563942,-0.07108747959136963,-0.12267664074897766],
[0.05298936739563942,-0.07108747959136963,-0.12267664074897766,-0.17127525806427002],
[-0.07108747959136963,-0.12267664074897766,-0.17127525806427002,-0.171281635761261],
[-0.12267664074897766,-0.17127525806427002,-0.171281635761261,-0.17911797761917114],
[-0.17127525806427002,-0.171281635761261,-0.17911797761917114,-0.2456565499305725],
[-0.171281635761261,-0.17911797761917114,-0.2456565499305725,-0.26764175295829773],
[-0.17911797761917114,-0.2456565499305725,-0.26764175295829773,-0.26471665501594543],
[-0.2456565499305725,-0.26764175295829773,-0.26471665501594543,-0.2522750496864319],
[-0.26764175295829773,-0.26471665501594543,-0.2522750496864319,-0.22632676362991333],
[-0.26471665501594543,-0.2522750496864319,-0.22632676362991333,-0.06880173087120056],
[-0.2522750496864319,-0.22632676362991333,-0.06880173087120056,0.06269398331642151],
[-0.22632676362991333,-0.06880173087120056,0.06269398331642151,-0.006589231546968222],
[-0.06880173087120056,0.06269398331642151,-0.006589231546968222,-0.061700038611888885],
[0.06269398331642151,-0.006589231546968222,-0.061700038611888885,-0.01942405104637146],
[-0.006589231546968222,-0.061700038611888885,-0.01942405104637146,-0.044643860310316086],
[-0.061700038611888885,-0.01942405104637146,-0.044643860310316086,-0.03163079917430878],
[-0.01942405104637146,-0.044643860310316086,-0.03163079917430878,-0.022429848089814186],
[-0.044643860310316086,-0.03163079917430878,-0.022429848089814186,-0.0028608625289052725],
[-0.03163079917430878,-0.022429848089814186,-0.0028608625289052725,0.011343100108206272],
[-0.022429848089814186,-0.0028608625289052725,0.011343100108206272,0.06132891774177551],
[-0.0028608625289052725,0.011343100108206272,0.06132891774177551,0.03687937930226326],
[0.011343100108206272,0.06132891774177551,0.03687937930226326,-0.006355642806738615],
[0.06132891774177551,0.03687937930226326,-0.006355642806738615,-0.04746861383318901],
[0.03687937930226326,-0.006355642806738615,-0.04746861383318901,-0.03665578365325928],
[-0.006355642806738615,-0.04746861383318901,-0.03665578365325928,-0.09728382527828217],
[-0.04746861383318901,-0.03665578365325928,-0.09728382527828217,-0.25433868169784546],
[-0.03665578365325928,-0.09728382527828217,-0.25433868169784546,-0.35687893629074097],
[-0.09728382527828217,-0.25433868169784546,-0.35687893629074097,-0.2977198362350464],
[-0.25433868169784546,-0.35687893629074097,-0.2977198362350464,-0.22755484282970428],
[-0.35687893629074097,-0.2977198362350464,-0.22755484282970428,-0.21781472861766815],
[-0.2977198362350464,-0.22755484282970428,-0.21781472861766815,-0.22285792231559753],
[-0.22755484282970428,-0.21781472861766815,-0.22285792231559753,-0.21629832684993744],
[-0.21781472861766815,-0.22285792231559753,-0.21629832684993744,-0.10001920908689499],
[-0.22285792231559753,-0.21629832684993744,-0.10001920908689499,0.05043957009911537],
[-0.21629832684993744,-0.10001920908689499,0.05043957009911537,0.08585477620363235],
[-0.10001920908689499,0.05043957009911537,0.08585477620363235,-0.032351914793252945],
[0.05043957009911537,0.08585477620363235,-0.032351914793252945,-0.1818748563528061],
[0.08585477620363235,-0.032351914793252945,-0.1818748563528061,-0.24739031493663788],
[-0.032351914793252945,-0.1818748563528061,-0.24739031493663788,-0.21838028728961945],
[-0.1818748563528061,-0.24739031493663788,-0.21838028728961945,-0.11284834146499634],
[-0.24739031493663788,-0.21838028728961945,-0.11284834146499634,-0.017558611929416656],
[-0.21838028728961945,-0.11284834146499634,-0.017558611929416656,0.07055194675922394],
[-0.11284834146499634,-0.017558611929416656,0.07055194675922394,0.2578027546405792],
[-0.017558611929416656,0.07055194675922394,0.2578027546405792,0.2710205614566803],
[0.07055194675922394,0.2578027546405792,0.2710205614566803,0.124341681599617],
[0.2578027546405792,0.2710205614566803,0.124341681599617,0.11771778017282486],
[0.2710205614566803,0.124341681599617,0.11771778017282486,0.13986535370349884],
[0.124341681599617,0.11771778017282486,0.13986535370349884,0.17661722004413605],
[0.11771778017282486,0.13986535370349884,0.17661722004413605,0.1921835094690323],
[0.13986535370349884,0.17661722004413605,0.1921835094690323,0.2473975121974945],
[0.17661722004413605,0.1921835094690323,0.2473975121974945,0.23126326501369476],
[0.1921835094690323,0.2473975121974945,0.23126326501369476,0.043708935379981995],
[0.2473975121974945,0.23126326501369476,0.043708935379981995,-0.094837486743927],
[0.23126326501369476,0.043708935379981995,-0.094837486743927,-0.20883482694625854],
[0.043708935379981995,-0.094837486743927,-0.20883482694625854,-0.24860720336437225],
[-0.094837486743927,-0.20883482694625854,-0.24860720336437225,-0.16193801164627075],
[-0.20883482694625854,-0.24860720336437225,-0.16193801164627075,-0.0978037491440773],
[-0.24860720336437225,-0.16193801164627075,-0.0978037491440773,-0.21742704510688782],
[-0.16193801164627075,-0.0978037491440773,-0.21742704510688782,-0.3209841549396515],
[-0.0978037491440773,-0.21742704510688782,-0.3209841549396515,-0.348896861076355],
[-0.21742704510688782,-0.3209841549396515,-0.348896861076355,-0.43989163637161255],
[-0.3209841549396515,-0.348896861076355,-0.43989163637161255,-0.45786651968955994],
[-0.348896861076355,-0.43989163637161255,-0.45786651968955994,-0.47922757267951965],
[-0.43989163637161255,-0.45786651968955994,-0.47922757267951965,-0.4148332476615906],
[-0.45786651968955994,-0.47922757267951965,-0.4148332476615906,-0.16082677245140076],
[-0.47922757267951965,-0.4148332476615906,-0.16082677245140076,-0.05195175111293793],
[-0.4148332476615906,-0.16082677245140076,-0.05195175111293793,-0.1305922269821167],
[-0.16082677245140076,-0.05195175111293793,-0.1305922269821167,-0.20537030696868896],
[-0.05195175111293793,-0.1305922269821167,-0.20537030696868896,-0.25870370864868164],
[-0.1305922269821167,-0.20537030696868896,-0.25870370864868164,-0.28909674286842346],
[-0.20537030696868896,-0.25870370864868164,-0.28909674286842346,-0.21740488708019257],
[-0.25870370864868164,-0.28909674286842346,-0.21740488708019257,-0.04863386228680611],
[-0.28909674286842346,-0.21740488708019257,-0.04863386228680611,-0.005589012056589127],
[-0.21740488708019257,-0.04863386228680611,-0.005589012056589127,-0.13445258140563965],
[-0.04863386228680611,-0.005589012056589127,-0.13445258140563965,-0.19133809208869934],
[-0.005589012056589127,-0.13445258140563965,-0.19133809208869934,-0.10749319195747375],
[-0.13445258140563965,-0.19133809208869934,-0.10749319195747375,0.09502851217985153],
[-0.19133809208869934,-0.10749319195747375,0.09502851217985153,0.09373989701271057],
[-0.10749319195747375,0.09502851217985153,0.09373989701271057,-0.004195716697722673],
[0.09502851217985153,0.09373989701271057,-0.004195716697722673,0.030422545969486237],
[0.09373989701271057,-0.004195716697722673,0.030422545969486237,0.12283026427030563],
[-0.004195716697722673,0.030422545969486237,0.12283026427030563,0.07453776895999908],
[0.030422545969486237,0.12283026427030563,0.07453776895999908,-0.10024864226579666],
[0.12283026427030563,0.07453776895999908,-0.10024864226579666,-0.3632901608943939],
[0.07453776895999908,-0.10024864226579666,-0.3632901608943939,-0.5769219398498535],
[-0.10024864226579666,-0.3632901608943939,-0.5769219398498535,-0.5659618377685547],
[-0.3632901608943939,-0.5769219398498535,-0.5659618377685547,-0.38513320684432983],
[-0.5769219398498535,-0.5659618377685547,-0.38513320684432983,-0.23980143666267395],
[-0.5659618377685547,-0.38513320684432983,-0.23980143666267395,-0.08528017997741699],
[-0.38513320684432983,-0.23980143666267395,-0.08528017997741699,-0.01977507211267948],
[-0.23980143666267395,-0.08528017997741699,-0.01977507211267948,0.002517951186746359],
[-0.08528017997741699,-0.01977507211267948,0.002517951186746359,-0.06232699751853943],
[-0.01977507211267948,0.002517951186746359,-0.06232699751853943,-0.049072518944740295],
[0.002517951186746359,-0.06232699751853943,-0.049072518944740295,0.20978891849517822],
[-0.06232699751853943,-0.049072518944740295,0.20978891849517822,0.39465662837028503],
[-0.049072518944740295,0.20978891849517822,0.39465662837028503,0.5413387417793274],
[0.20978891849517822,0.39465662837028503,0.5413387417793274,0.488819420337677],
[0.39465662837028503,0.5413387417793274,0.488819420337677,0.38131165504455566],
[0.5413387417793274,0.488819420337677,0.38131165504455566,0.3438863158226013],
[0.488819420337677,0.38131165504455566,0.3438863158226013,0.29665493965148926],
[0.38131165504455566,0.3438863158226013,0.29665493965148926,0.34902840852737427],
[0.3438863158226013,0.29665493965148926,0.34902840852737427,0.5049952268600464],
[0.29665493965148926,0.34902840852737427,0.5049952268600464,0.46770739555358887],
[0.34902840852737427,0.5049952268600464,0.46770739555358887,0.39215558767318726],
[0.5049952268600464,0.46770739555358887,0.39215558767318726,0.38119834661483765],
[0.46770739555358887,0.39215558767318726,0.38119834661483765,0.5290260910987854],
[0.39215558767318726,0.38119834661483765,0.5290260910987854,0.6594345569610596],
[0.38119834661483765,0.5290260910987854,0.6594345569610596,0.6448803544044495],
[0.5290260910987854,0.6594345569610596,0.6448803544044495,0.3505227863788605],
[0.6594345569610596,0.6448803544044495,0.3505227863788605,0.1314648985862732],
[0.6448803544044495,0.3505227863788605,0.1314648985862732,-0.13935287296772003],
[0.3505227863788605,0.1314648985862732,-0.13935287296772003,-0.46170395612716675],
[0.1314648985862732,-0.13935287296772003,-0.46170395612716675,-0.6864855289459229],
[-0.13935287296772003,-0.46170395612716675,-0.6864855289459229,-0.5568789839744568],
[-0.46170395612716675,-0.6864855289459229,-0.5568789839744568,-0.3093061149120331],
[-0.6864855289459229,-0.5568789839744568,-0.3093061149120331,-0.3567811846733093],
[-0.5568789839744568,-0.3093061149120331,-0.3567811846733093,-0.44919273257255554],
[-0.3093061149120331,-0.3567811846733093,-0.44919273257255554,-0.11361300945281982],
[-0.3567811846733093,-0.44919273257255554,-0.11361300945281982,0.05548490211367607],
[-0.44919273257255554,-0.11361300945281982,0.05548490211367607,0.25174495577812195],
[-0.11361300945281982,0.05548490211367607,0.25174495577812195,0.4935159683227539],
[0.05548490211367607,0.25174495577812195,0.4935159683227539,0.42829740047454834],
[0.25174495577812195,0.4935159683227539,0.42829740047454834,0.3091372549533844],
[0.4935159683227539,0.42829740047454834,0.3091372549533844,0.1914767622947693],
[0.42829740047454834,0.3091372549533844,0.1914767622947693,-0.05663368105888367],
[0.3091372549533844,0.1914767622947693,-0.05663368105888367,-0.05168624967336655],
[0.1914767622947693,-0.05663368105888367,-0.05168624967336655,-0.14440232515335083],
[-0.05663368105888367,-0.05168624967336655,-0.14440232515335083,-0.3046734035015106],
[-0.05168624967336655,-0.14440232515335083,-0.3046734035015106,-0.1838652640581131],
[-0.14440232515335083,-0.3046734035015106,-0.1838652640581131,-0.09772610664367676],
[-0.3046734035015106,-0.1838652640581131,-0.09772610664367676,-0.13754907250404358],
[-0.1838652640581131,-0.09772610664367676,-0.13754907250404358,-0.3981051445007324],
[-0.09772610664367676,-0.13754907250404358,-0.3981051445007324,-0.39881953597068787],
[-0.13754907250404358,-0.3981051445007324,-0.39881953597068787,-0.04978983476758003],
[-0.3981051445007324,-0.39881953597068787,-0.04978983476758003,0.011969619430601597],
[-0.39881953597068787,-0.04978983476758003,0.011969619430601597,0.12425433844327927],
[-0.04978983476758003,0.011969619430601597,0.12425433844327927,0.18672333657741547]]
